====================================================================================================
PID参数对比实验 - 统计摘要 (SCI Paper Quality)
====================================================================================================

实验配置:
  总实验次数: 1200
  每组重复次数: 30
  最大迭代次数: 2D:650, 3D:1200
  PID配置数: 20
  场景数: 2

====================================================================================================
详细统计指标 (Detailed Statistics)
====================================================================================================
注: CV% = 变异系数 (Coefficient of Variation), CI = 置信区间 (Confidence Interval)

PID_Config   Kp   Ki   Kd  Success_Rate_%   Path_Mean   Path_Std      Path_Var  Path_CV_%  CI_95_Lower  CI_95_Upper  Time_Mean  Time_Std  Trials
   Kp_0.30 0.30 0.04 0.10       90.000000 3016.765958 460.124798 211714.830021  15.252254  2891.176064  3142.355852   7.547094  4.862259      60
   Kd_0.14 0.25 0.04 0.14       90.000000 3125.189654 627.330313 393543.321935  20.073352  2953.961440  3296.417868   7.801094  4.567804      60
   Kd_0.08 0.25 0.04 0.08       90.000000 3045.059036 580.486158 336964.179509  19.063215  2886.616815  3203.501257   6.728743  4.658143      60
   Kp_0.35 0.35 0.04 0.10       88.333333 3004.383024 497.888218 247892.677362  16.572062  2867.148035  3141.618013   6.907846  4.731926      60
   Kp_0.10 0.10 0.04 0.10       86.666667 3016.249561 501.155113 251156.447472  16.615174  2876.727086  3155.772035   8.446135  4.384169      60
   Kd_0.12 0.25 0.04 0.12       86.666667 3066.353252 522.206483 272699.610981  17.030213  2920.970039  3211.736465   7.685788  4.510294      60
   Kp_0.15 0.15 0.04 0.10       85.000000 3125.891372 599.094342 358914.031101  19.165552  2957.393373  3294.389371   7.423461  4.724429      60
   Kp_0.20 0.20 0.04 0.10       85.000000 3003.505423 452.039706 204339.895742  15.050404  2876.367207  3130.643639   6.898908  4.454332      60
High_Kp_Kd 0.35 0.02 0.14       83.333333 3103.433692 515.789675 266038.988432  16.619968  2956.847889  3250.019496   7.929979  4.707151      60
   Ki_0.05 0.25 0.05 0.10       83.333333 3122.121431 537.069759 288443.925626  17.202078  2969.487894  3274.754967   7.606504  4.686005      60
   Kp_0.40 0.40 0.04 0.10       83.333333 3095.083080 548.512035 300865.453014  17.722046  2939.197684  3250.968476   7.309576  5.019967      60
   Ki_0.06 0.25 0.06 0.10       81.666667 3137.024981 634.418306 402486.586575  20.223566  2954.798767  3319.251195   8.417317  4.634329      60
   All_Low 0.10 0.02 0.06       81.666667 3041.021964 500.896935 250897.739184  16.471336  2897.147566  3184.896362   7.765709  4.563040      60
   Kp_0.25 0.25 0.04 0.10       80.000000 3212.159491 534.124469 285288.948770  16.628205  3057.065913  3367.253070   8.110656  4.687412      60
   Ki_0.04 0.25 0.04 0.10       78.333333 3063.127939 551.885895 304578.040706  18.017070  2901.088170  3225.167708   7.705071  4.803118      60
   Ki_0.02 0.25 0.02 0.10       78.333333 3036.854981 546.638411 298813.551942  18.000149  2876.355931  3197.354031   8.162517  4.769198      60
  All_High 0.40 0.06 0.14       78.333333 3206.985618 558.798687 312255.972055  17.424421  3042.916177  3371.055059   7.574765  4.738902      60
   Ki_0.03 0.25 0.03 0.10       76.666667 3091.397306 454.873568 206909.962755  14.714174  2956.316530  3226.478081   8.623378  4.637961      60
   High_Ki 0.15 0.06 0.08       76.666667 3130.503389 469.802343 220714.241385  15.007246  2990.989314  3270.017463   8.477592  4.512522      60
   Kd_0.06 0.25 0.04 0.06       73.333333 3110.867270 522.966011 273493.448352  16.810939  2951.871071  3269.863470   8.229265  4.715283      60


====================================================================================================
推荐的最优PID参数组: Kp_0.30
====================================================================================================
  Kp = 0.3000
  Ki = 0.0400
  Kd = 0.1000
  成功率 = 90.00%
  路径长度 = 3016.77 ± 460.12
  变异系数 = 15.25%
  95%置信区间 = [2891.18, 3142.36]
  规划时间 = 7.5471 ± 4.8623s
====================================================================================================
